&input
    flfrc  = 'BaTiO3.444.fc'
    asr    = 'crystal'
    flfrq  = 'BaTiO3.mesh11.freq'
    q_in_band_form = .false.
    q_in_cryst_coord = .true.
/
1331
  0.000000000  0.000000000  0.000000000
  0.000000000  0.000000000  0.090909091
  0.000000000  0.000000000  0.181818182
  0.000000000  0.000000000  0.272727273
  0.000000000  0.000000000  0.363636364
  0.000000000  0.000000000  0.454545455
  0.000000000  0.000000000  0.545454545
  0.000000000  0.000000000  0.636363636
  0.000000000  0.000000000  0.727272727
  0.000000000  0.000000000  0.818181818
  0.000000000  0.000000000  0.909090909
  0.000000000  0.090909091  0.000000000
  0.000000000  0.090909091  0.090909091
  0.000000000  0.090909091  0.181818182
  0.000000000  0.090909091  0.272727273
  0.000000000  0.090909091  0.363636364
  0.000000000  0.090909091  0.454545455
  0.000000000  0.090909091  0.545454545
  0.000000000  0.090909091  0.636363636
  0.000000000  0.090909091  0.727272727
  0.000000000  0.090909091  0.818181818
  0.000000000  0.090909091  0.909090909
  0.000000000  0.181818182  0.000000000
  0.000000000  0.181818182  0.090909091
  0.000000000  0.181818182  0.181818182
  0.000000000  0.181818182  0.272727273
  0.000000000  0.181818182  0.363636364
  0.000000000  0.181818182  0.454545455
  0.000000000  0.181818182  0.545454545
  0.000000000  0.181818182  0.636363636
  0.000000000  0.181818182  0.727272727
  0.000000000  0.181818182  0.818181818
  0.000000000  0.181818182  0.909090909
  0.000000000  0.272727273  0.000000000
  0.000000000  0.272727273  0.090909091
  0.000000000  0.272727273  0.181818182
  0.000000000  0.272727273  0.272727273
  0.000000000  0.272727273  0.363636364
  0.000000000  0.272727273  0.454545455
  0.000000000  0.272727273  0.545454545
  0.000000000  0.272727273  0.636363636
  0.000000000  0.272727273  0.727272727
  0.000000000  0.272727273  0.818181818
  0.000000000  0.272727273  0.909090909
  0.000000000  0.363636364  0.000000000
  0.000000000  0.363636364  0.090909091
  0.000000000  0.363636364  0.181818182
  0.000000000  0.363636364  0.272727273
  0.000000000  0.363636364  0.363636364
  0.000000000  0.363636364  0.454545455
  0.000000000  0.363636364  0.545454545
  0.000000000  0.363636364  0.636363636
  0.000000000  0.363636364  0.727272727
  0.000000000  0.363636364  0.818181818
  0.000000000  0.363636364  0.909090909
  0.000000000  0.454545455  0.000000000
  0.000000000  0.454545455  0.090909091
  0.000000000  0.454545455  0.181818182
  0.000000000  0.454545455  0.272727273
  0.000000000  0.454545455  0.363636364
  0.000000000  0.454545455  0.454545455
  0.000000000  0.454545455  0.545454545
  0.000000000  0.454545455  0.636363636
  0.000000000  0.454545455  0.727272727
  0.000000000  0.454545455  0.818181818
  0.000000000  0.454545455  0.909090909
  0.000000000  0.545454545  0.000000000
  0.000000000  0.545454545  0.090909091
  0.000000000  0.545454545  0.181818182
  0.000000000  0.545454545  0.272727273
  0.000000000  0.545454545  0.363636364
  0.000000000  0.545454545  0.454545455
  0.000000000  0.545454545  0.545454545
  0.000000000  0.545454545  0.636363636
  0.000000000  0.545454545  0.727272727
  0.000000000  0.545454545  0.818181818
  0.000000000  0.545454545  0.909090909
  0.000000000  0.636363636  0.000000000
  0.000000000  0.636363636  0.090909091
  0.000000000  0.636363636  0.181818182
  0.000000000  0.636363636  0.272727273
  0.000000000  0.636363636  0.363636364
  0.000000000  0.636363636  0.454545455
  0.000000000  0.636363636  0.545454545
  0.000000000  0.636363636  0.636363636
  0.000000000  0.636363636  0.727272727
  0.000000000  0.636363636  0.818181818
  0.000000000  0.636363636  0.909090909
  0.000000000  0.727272727  0.000000000
  0.000000000  0.727272727  0.090909091
  0.000000000  0.727272727  0.181818182
  0.000000000  0.727272727  0.272727273
  0.000000000  0.727272727  0.363636364
  0.000000000  0.727272727  0.454545455
  0.000000000  0.727272727  0.545454545
  0.000000000  0.727272727  0.636363636
  0.000000000  0.727272727  0.727272727
  0.000000000  0.727272727  0.818181818
  0.000000000  0.727272727  0.909090909
  0.000000000  0.818181818  0.000000000
  0.000000000  0.818181818  0.090909091
  0.000000000  0.818181818  0.181818182
  0.000000000  0.818181818  0.272727273
  0.000000000  0.818181818  0.363636364
  0.000000000  0.818181818  0.454545455
  0.000000000  0.818181818  0.545454545
  0.000000000  0.818181818  0.636363636
  0.000000000  0.818181818  0.727272727
  0.000000000  0.818181818  0.818181818
  0.000000000  0.818181818  0.909090909
  0.000000000  0.909090909  0.000000000
  0.000000000  0.909090909  0.090909091
  0.000000000  0.909090909  0.181818182
  0.000000000  0.909090909  0.272727273
  0.000000000  0.909090909  0.363636364
  0.000000000  0.909090909  0.454545455
  0.000000000  0.909090909  0.545454545
  0.000000000  0.909090909  0.636363636
  0.000000000  0.909090909  0.727272727
  0.000000000  0.909090909  0.818181818
  0.000000000  0.909090909  0.909090909
  0.090909091  0.000000000  0.000000000
  0.090909091  0.000000000  0.090909091
  0.090909091  0.000000000  0.181818182
  0.090909091  0.000000000  0.272727273
  0.090909091  0.000000000  0.363636364
  0.090909091  0.000000000  0.454545455
  0.090909091  0.000000000  0.545454545
  0.090909091  0.000000000  0.636363636
  0.090909091  0.000000000  0.727272727
  0.090909091  0.000000000  0.818181818
  0.090909091  0.000000000  0.909090909
  0.090909091  0.090909091  0.000000000
  0.090909091  0.090909091  0.090909091
  0.090909091  0.090909091  0.181818182
  0.090909091  0.090909091  0.272727273
  0.090909091  0.090909091  0.363636364
  0.090909091  0.090909091  0.454545455
  0.090909091  0.090909091  0.545454545
  0.090909091  0.090909091  0.636363636
  0.090909091  0.090909091  0.727272727
  0.090909091  0.090909091  0.818181818
  0.090909091  0.090909091  0.909090909
  0.090909091  0.181818182  0.000000000
  0.090909091  0.181818182  0.090909091
  0.090909091  0.181818182  0.181818182
  0.090909091  0.181818182  0.272727273
  0.090909091  0.181818182  0.363636364
  0.090909091  0.181818182  0.454545455
  0.090909091  0.181818182  0.545454545
  0.090909091  0.181818182  0.636363636
  0.090909091  0.181818182  0.727272727
  0.090909091  0.181818182  0.818181818
  0.090909091  0.181818182  0.909090909
  0.090909091  0.272727273  0.000000000
  0.090909091  0.272727273  0.090909091
  0.090909091  0.272727273  0.181818182
  0.090909091  0.272727273  0.272727273
  0.090909091  0.272727273  0.363636364
  0.090909091  0.272727273  0.454545455
  0.090909091  0.272727273  0.545454545
  0.090909091  0.272727273  0.636363636
  0.090909091  0.272727273  0.727272727
  0.090909091  0.272727273  0.818181818
  0.090909091  0.272727273  0.909090909
  0.090909091  0.363636364  0.000000000
  0.090909091  0.363636364  0.090909091
  0.090909091  0.363636364  0.181818182
  0.090909091  0.363636364  0.272727273
  0.090909091  0.363636364  0.363636364
  0.090909091  0.363636364  0.454545455
  0.090909091  0.363636364  0.545454545
  0.090909091  0.363636364  0.636363636
  0.090909091  0.363636364  0.727272727
  0.090909091  0.363636364  0.818181818
  0.090909091  0.363636364  0.909090909
  0.090909091  0.454545455  0.000000000
  0.090909091  0.454545455  0.090909091
  0.090909091  0.454545455  0.181818182
  0.090909091  0.454545455  0.272727273
  0.090909091  0.454545455  0.363636364
  0.090909091  0.454545455  0.454545455
  0.090909091  0.454545455  0.545454545
  0.090909091  0.454545455  0.636363636
  0.090909091  0.454545455  0.727272727
  0.090909091  0.454545455  0.818181818
  0.090909091  0.454545455  0.909090909
  0.090909091  0.545454545  0.000000000
  0.090909091  0.545454545  0.090909091
  0.090909091  0.545454545  0.181818182
  0.090909091  0.545454545  0.272727273
  0.090909091  0.545454545  0.363636364
  0.090909091  0.545454545  0.454545455
  0.090909091  0.545454545  0.545454545
  0.090909091  0.545454545  0.636363636
  0.090909091  0.545454545  0.727272727
  0.090909091  0.545454545  0.818181818
  0.090909091  0.545454545  0.909090909
  0.090909091  0.636363636  0.000000000
  0.090909091  0.636363636  0.090909091
  0.090909091  0.636363636  0.181818182
  0.090909091  0.636363636  0.272727273
  0.090909091  0.636363636  0.363636364
  0.090909091  0.636363636  0.454545455
  0.090909091  0.636363636  0.545454545
  0.090909091  0.636363636  0.636363636
  0.090909091  0.636363636  0.727272727
  0.090909091  0.636363636  0.818181818
  0.090909091  0.636363636  0.909090909
  0.090909091  0.727272727  0.000000000
  0.090909091  0.727272727  0.090909091
  0.090909091  0.727272727  0.181818182
  0.090909091  0.727272727  0.272727273
  0.090909091  0.727272727  0.363636364
  0.090909091  0.727272727  0.454545455
  0.090909091  0.727272727  0.545454545
  0.090909091  0.727272727  0.636363636
  0.090909091  0.727272727  0.727272727
  0.090909091  0.727272727  0.818181818
  0.090909091  0.727272727  0.909090909
  0.090909091  0.818181818  0.000000000
  0.090909091  0.818181818  0.090909091
  0.090909091  0.818181818  0.181818182
  0.090909091  0.818181818  0.272727273
  0.090909091  0.818181818  0.363636364
  0.090909091  0.818181818  0.454545455
  0.090909091  0.818181818  0.545454545
  0.090909091  0.818181818  0.636363636
  0.090909091  0.818181818  0.727272727
  0.090909091  0.818181818  0.818181818
  0.090909091  0.818181818  0.909090909
  0.090909091  0.909090909  0.000000000
  0.090909091  0.909090909  0.090909091
  0.090909091  0.909090909  0.181818182
  0.090909091  0.909090909  0.272727273
  0.090909091  0.909090909  0.363636364
  0.090909091  0.909090909  0.454545455
  0.090909091  0.909090909  0.545454545
  0.090909091  0.909090909  0.636363636
  0.090909091  0.909090909  0.727272727
  0.090909091  0.909090909  0.818181818
  0.090909091  0.909090909  0.909090909
  0.181818182  0.000000000  0.000000000
  0.181818182  0.000000000  0.090909091
  0.181818182  0.000000000  0.181818182
  0.181818182  0.000000000  0.272727273
  0.181818182  0.000000000  0.363636364
  0.181818182  0.000000000  0.454545455
  0.181818182  0.000000000  0.545454545
  0.181818182  0.000000000  0.636363636
  0.181818182  0.000000000  0.727272727
  0.181818182  0.000000000  0.818181818
  0.181818182  0.000000000  0.909090909
  0.181818182  0.090909091  0.000000000
  0.181818182  0.090909091  0.090909091
  0.181818182  0.090909091  0.181818182
  0.181818182  0.090909091  0.272727273
  0.181818182  0.090909091  0.363636364
  0.181818182  0.090909091  0.454545455
  0.181818182  0.090909091  0.545454545
  0.181818182  0.090909091  0.636363636
  0.181818182  0.090909091  0.727272727
  0.181818182  0.090909091  0.818181818
  0.181818182  0.090909091  0.909090909
  0.181818182  0.181818182  0.000000000
  0.181818182  0.181818182  0.090909091
  0.181818182  0.181818182  0.181818182
  0.181818182  0.181818182  0.272727273
  0.181818182  0.181818182  0.363636364
  0.181818182  0.181818182  0.454545455
  0.181818182  0.181818182  0.545454545
  0.181818182  0.181818182  0.636363636
  0.181818182  0.181818182  0.727272727
  0.181818182  0.181818182  0.818181818
  0.181818182  0.181818182  0.909090909
  0.181818182  0.272727273  0.000000000
  0.181818182  0.272727273  0.090909091
  0.181818182  0.272727273  0.181818182
  0.181818182  0.272727273  0.272727273
  0.181818182  0.272727273  0.363636364
  0.181818182  0.272727273  0.454545455
  0.181818182  0.272727273  0.545454545
  0.181818182  0.272727273  0.636363636
  0.181818182  0.272727273  0.727272727
  0.181818182  0.272727273  0.818181818
  0.181818182  0.272727273  0.909090909
  0.181818182  0.363636364  0.000000000
  0.181818182  0.363636364  0.090909091
  0.181818182  0.363636364  0.181818182
  0.181818182  0.363636364  0.272727273
  0.181818182  0.363636364  0.363636364
  0.181818182  0.363636364  0.454545455
  0.181818182  0.363636364  0.545454545
  0.181818182  0.363636364  0.636363636
  0.181818182  0.363636364  0.727272727
  0.181818182  0.363636364  0.818181818
  0.181818182  0.363636364  0.909090909
  0.181818182  0.454545455  0.000000000
  0.181818182  0.454545455  0.090909091
  0.181818182  0.454545455  0.181818182
  0.181818182  0.454545455  0.272727273
  0.181818182  0.454545455  0.363636364
  0.181818182  0.454545455  0.454545455
  0.181818182  0.454545455  0.545454545
  0.181818182  0.454545455  0.636363636
  0.181818182  0.454545455  0.727272727
  0.181818182  0.454545455  0.818181818
  0.181818182  0.454545455  0.909090909
  0.181818182  0.545454545  0.000000000
  0.181818182  0.545454545  0.090909091
  0.181818182  0.545454545  0.181818182
  0.181818182  0.545454545  0.272727273
  0.181818182  0.545454545  0.363636364
  0.181818182  0.545454545  0.454545455
  0.181818182  0.545454545  0.545454545
  0.181818182  0.545454545  0.636363636
  0.181818182  0.545454545  0.727272727
  0.181818182  0.545454545  0.818181818
  0.181818182  0.545454545  0.909090909
  0.181818182  0.636363636  0.000000000
  0.181818182  0.636363636  0.090909091
  0.181818182  0.636363636  0.181818182
  0.181818182  0.636363636  0.272727273
  0.181818182  0.636363636  0.363636364
  0.181818182  0.636363636  0.454545455
  0.181818182  0.636363636  0.545454545
  0.181818182  0.636363636  0.636363636
  0.181818182  0.636363636  0.727272727
  0.181818182  0.636363636  0.818181818
  0.181818182  0.636363636  0.909090909
  0.181818182  0.727272727  0.000000000
  0.181818182  0.727272727  0.090909091
  0.181818182  0.727272727  0.181818182
  0.181818182  0.727272727  0.272727273
  0.181818182  0.727272727  0.363636364
  0.181818182  0.727272727  0.454545455
  0.181818182  0.727272727  0.545454545
  0.181818182  0.727272727  0.636363636
  0.181818182  0.727272727  0.727272727
  0.181818182  0.727272727  0.818181818
  0.181818182  0.727272727  0.909090909
  0.181818182  0.818181818  0.000000000
  0.181818182  0.818181818  0.090909091
  0.181818182  0.818181818  0.181818182
  0.181818182  0.818181818  0.272727273
  0.181818182  0.818181818  0.363636364
  0.181818182  0.818181818  0.454545455
  0.181818182  0.818181818  0.545454545
  0.181818182  0.818181818  0.636363636
  0.181818182  0.818181818  0.727272727
  0.181818182  0.818181818  0.818181818
  0.181818182  0.818181818  0.909090909
  0.181818182  0.909090909  0.000000000
  0.181818182  0.909090909  0.090909091
  0.181818182  0.909090909  0.181818182
  0.181818182  0.909090909  0.272727273
  0.181818182  0.909090909  0.363636364
  0.181818182  0.909090909  0.454545455
  0.181818182  0.909090909  0.545454545
  0.181818182  0.909090909  0.636363636
  0.181818182  0.909090909  0.727272727
  0.181818182  0.909090909  0.818181818
  0.181818182  0.909090909  0.909090909
  0.272727273  0.000000000  0.000000000
  0.272727273  0.000000000  0.090909091
  0.272727273  0.000000000  0.181818182
  0.272727273  0.000000000  0.272727273
  0.272727273  0.000000000  0.363636364
  0.272727273  0.000000000  0.454545455
  0.272727273  0.000000000  0.545454545
  0.272727273  0.000000000  0.636363636
  0.272727273  0.000000000  0.727272727
  0.272727273  0.000000000  0.818181818
  0.272727273  0.000000000  0.909090909
  0.272727273  0.090909091  0.000000000
  0.272727273  0.090909091  0.090909091
  0.272727273  0.090909091  0.181818182
  0.272727273  0.090909091  0.272727273
  0.272727273  0.090909091  0.363636364
  0.272727273  0.090909091  0.454545455
  0.272727273  0.090909091  0.545454545
  0.272727273  0.090909091  0.636363636
  0.272727273  0.090909091  0.727272727
  0.272727273  0.090909091  0.818181818
  0.272727273  0.090909091  0.909090909
  0.272727273  0.181818182  0.000000000
  0.272727273  0.181818182  0.090909091
  0.272727273  0.181818182  0.181818182
  0.272727273  0.181818182  0.272727273
  0.272727273  0.181818182  0.363636364
  0.272727273  0.181818182  0.454545455
  0.272727273  0.181818182  0.545454545
  0.272727273  0.181818182  0.636363636
  0.272727273  0.181818182  0.727272727
  0.272727273  0.181818182  0.818181818
  0.272727273  0.181818182  0.909090909
  0.272727273  0.272727273  0.000000000
  0.272727273  0.272727273  0.090909091
  0.272727273  0.272727273  0.181818182
  0.272727273  0.272727273  0.272727273
  0.272727273  0.272727273  0.363636364
  0.272727273  0.272727273  0.454545455
  0.272727273  0.272727273  0.545454545
  0.272727273  0.272727273  0.636363636
  0.272727273  0.272727273  0.727272727
  0.272727273  0.272727273  0.818181818
  0.272727273  0.272727273  0.909090909
  0.272727273  0.363636364  0.000000000
  0.272727273  0.363636364  0.090909091
  0.272727273  0.363636364  0.181818182
  0.272727273  0.363636364  0.272727273
  0.272727273  0.363636364  0.363636364
  0.272727273  0.363636364  0.454545455
  0.272727273  0.363636364  0.545454545
  0.272727273  0.363636364  0.636363636
  0.272727273  0.363636364  0.727272727
  0.272727273  0.363636364  0.818181818
  0.272727273  0.363636364  0.909090909
  0.272727273  0.454545455  0.000000000
  0.272727273  0.454545455  0.090909091
  0.272727273  0.454545455  0.181818182
  0.272727273  0.454545455  0.272727273
  0.272727273  0.454545455  0.363636364
  0.272727273  0.454545455  0.454545455
  0.272727273  0.454545455  0.545454545
  0.272727273  0.454545455  0.636363636
  0.272727273  0.454545455  0.727272727
  0.272727273  0.454545455  0.818181818
  0.272727273  0.454545455  0.909090909
  0.272727273  0.545454545  0.000000000
  0.272727273  0.545454545  0.090909091
  0.272727273  0.545454545  0.181818182
  0.272727273  0.545454545  0.272727273
  0.272727273  0.545454545  0.363636364
  0.272727273  0.545454545  0.454545455
  0.272727273  0.545454545  0.545454545
  0.272727273  0.545454545  0.636363636
  0.272727273  0.545454545  0.727272727
  0.272727273  0.545454545  0.818181818
  0.272727273  0.545454545  0.909090909
  0.272727273  0.636363636  0.000000000
  0.272727273  0.636363636  0.090909091
  0.272727273  0.636363636  0.181818182
  0.272727273  0.636363636  0.272727273
  0.272727273  0.636363636  0.363636364
  0.272727273  0.636363636  0.454545455
  0.272727273  0.636363636  0.545454545
  0.272727273  0.636363636  0.636363636
  0.272727273  0.636363636  0.727272727
  0.272727273  0.636363636  0.818181818
  0.272727273  0.636363636  0.909090909
  0.272727273  0.727272727  0.000000000
  0.272727273  0.727272727  0.090909091
  0.272727273  0.727272727  0.181818182
  0.272727273  0.727272727  0.272727273
  0.272727273  0.727272727  0.363636364
  0.272727273  0.727272727  0.454545455
  0.272727273  0.727272727  0.545454545
  0.272727273  0.727272727  0.636363636
  0.272727273  0.727272727  0.727272727
  0.272727273  0.727272727  0.818181818
  0.272727273  0.727272727  0.909090909
  0.272727273  0.818181818  0.000000000
  0.272727273  0.818181818  0.090909091
  0.272727273  0.818181818  0.181818182
  0.272727273  0.818181818  0.272727273
  0.272727273  0.818181818  0.363636364
  0.272727273  0.818181818  0.454545455
  0.272727273  0.818181818  0.545454545
  0.272727273  0.818181818  0.636363636
  0.272727273  0.818181818  0.727272727
  0.272727273  0.818181818  0.818181818
  0.272727273  0.818181818  0.909090909
  0.272727273  0.909090909  0.000000000
  0.272727273  0.909090909  0.090909091
  0.272727273  0.909090909  0.181818182
  0.272727273  0.909090909  0.272727273
  0.272727273  0.909090909  0.363636364
  0.272727273  0.909090909  0.454545455
  0.272727273  0.909090909  0.545454545
  0.272727273  0.909090909  0.636363636
  0.272727273  0.909090909  0.727272727
  0.272727273  0.909090909  0.818181818
  0.272727273  0.909090909  0.909090909
  0.363636364  0.000000000  0.000000000
  0.363636364  0.000000000  0.090909091
  0.363636364  0.000000000  0.181818182
  0.363636364  0.000000000  0.272727273
  0.363636364  0.000000000  0.363636364
  0.363636364  0.000000000  0.454545455
  0.363636364  0.000000000  0.545454545
  0.363636364  0.000000000  0.636363636
  0.363636364  0.000000000  0.727272727
  0.363636364  0.000000000  0.818181818
  0.363636364  0.000000000  0.909090909
  0.363636364  0.090909091  0.000000000
  0.363636364  0.090909091  0.090909091
  0.363636364  0.090909091  0.181818182
  0.363636364  0.090909091  0.272727273
  0.363636364  0.090909091  0.363636364
  0.363636364  0.090909091  0.454545455
  0.363636364  0.090909091  0.545454545
  0.363636364  0.090909091  0.636363636
  0.363636364  0.090909091  0.727272727
  0.363636364  0.090909091  0.818181818
  0.363636364  0.090909091  0.909090909
  0.363636364  0.181818182  0.000000000
  0.363636364  0.181818182  0.090909091
  0.363636364  0.181818182  0.181818182
  0.363636364  0.181818182  0.272727273
  0.363636364  0.181818182  0.363636364
  0.363636364  0.181818182  0.454545455
  0.363636364  0.181818182  0.545454545
  0.363636364  0.181818182  0.636363636
  0.363636364  0.181818182  0.727272727
  0.363636364  0.181818182  0.818181818
  0.363636364  0.181818182  0.909090909
  0.363636364  0.272727273  0.000000000
  0.363636364  0.272727273  0.090909091
  0.363636364  0.272727273  0.181818182
  0.363636364  0.272727273  0.272727273
  0.363636364  0.272727273  0.363636364
  0.363636364  0.272727273  0.454545455
  0.363636364  0.272727273  0.545454545
  0.363636364  0.272727273  0.636363636
  0.363636364  0.272727273  0.727272727
  0.363636364  0.272727273  0.818181818
  0.363636364  0.272727273  0.909090909
  0.363636364  0.363636364  0.000000000
  0.363636364  0.363636364  0.090909091
  0.363636364  0.363636364  0.181818182
  0.363636364  0.363636364  0.272727273
  0.363636364  0.363636364  0.363636364
  0.363636364  0.363636364  0.454545455
  0.363636364  0.363636364  0.545454545
  0.363636364  0.363636364  0.636363636
  0.363636364  0.363636364  0.727272727
  0.363636364  0.363636364  0.818181818
  0.363636364  0.363636364  0.909090909
  0.363636364  0.454545455  0.000000000
  0.363636364  0.454545455  0.090909091
  0.363636364  0.454545455  0.181818182
  0.363636364  0.454545455  0.272727273
  0.363636364  0.454545455  0.363636364
  0.363636364  0.454545455  0.454545455
  0.363636364  0.454545455  0.545454545
  0.363636364  0.454545455  0.636363636
  0.363636364  0.454545455  0.727272727
  0.363636364  0.454545455  0.818181818
  0.363636364  0.454545455  0.909090909
  0.363636364  0.545454545  0.000000000
  0.363636364  0.545454545  0.090909091
  0.363636364  0.545454545  0.181818182
  0.363636364  0.545454545  0.272727273
  0.363636364  0.545454545  0.363636364
  0.363636364  0.545454545  0.454545455
  0.363636364  0.545454545  0.545454545
  0.363636364  0.545454545  0.636363636
  0.363636364  0.545454545  0.727272727
  0.363636364  0.545454545  0.818181818
  0.363636364  0.545454545  0.909090909
  0.363636364  0.636363636  0.000000000
  0.363636364  0.636363636  0.090909091
  0.363636364  0.636363636  0.181818182
  0.363636364  0.636363636  0.272727273
  0.363636364  0.636363636  0.363636364
  0.363636364  0.636363636  0.454545455
  0.363636364  0.636363636  0.545454545
  0.363636364  0.636363636  0.636363636
  0.363636364  0.636363636  0.727272727
  0.363636364  0.636363636  0.818181818
  0.363636364  0.636363636  0.909090909
  0.363636364  0.727272727  0.000000000
  0.363636364  0.727272727  0.090909091
  0.363636364  0.727272727  0.181818182
  0.363636364  0.727272727  0.272727273
  0.363636364  0.727272727  0.363636364
  0.363636364  0.727272727  0.454545455
  0.363636364  0.727272727  0.545454545
  0.363636364  0.727272727  0.636363636
  0.363636364  0.727272727  0.727272727
  0.363636364  0.727272727  0.818181818
  0.363636364  0.727272727  0.909090909
  0.363636364  0.818181818  0.000000000
  0.363636364  0.818181818  0.090909091
  0.363636364  0.818181818  0.181818182
  0.363636364  0.818181818  0.272727273
  0.363636364  0.818181818  0.363636364
  0.363636364  0.818181818  0.454545455
  0.363636364  0.818181818  0.545454545
  0.363636364  0.818181818  0.636363636
  0.363636364  0.818181818  0.727272727
  0.363636364  0.818181818  0.818181818
  0.363636364  0.818181818  0.909090909
  0.363636364  0.909090909  0.000000000
  0.363636364  0.909090909  0.090909091
  0.363636364  0.909090909  0.181818182
  0.363636364  0.909090909  0.272727273
  0.363636364  0.909090909  0.363636364
  0.363636364  0.909090909  0.454545455
  0.363636364  0.909090909  0.545454545
  0.363636364  0.909090909  0.636363636
  0.363636364  0.909090909  0.727272727
  0.363636364  0.909090909  0.818181818
  0.363636364  0.909090909  0.909090909
  0.454545455  0.000000000  0.000000000
  0.454545455  0.000000000  0.090909091
  0.454545455  0.000000000  0.181818182
  0.454545455  0.000000000  0.272727273
  0.454545455  0.000000000  0.363636364
  0.454545455  0.000000000  0.454545455
  0.454545455  0.000000000  0.545454545
  0.454545455  0.000000000  0.636363636
  0.454545455  0.000000000  0.727272727
  0.454545455  0.000000000  0.818181818
  0.454545455  0.000000000  0.909090909
  0.454545455  0.090909091  0.000000000
  0.454545455  0.090909091  0.090909091
  0.454545455  0.090909091  0.181818182
  0.454545455  0.090909091  0.272727273
  0.454545455  0.090909091  0.363636364
  0.454545455  0.090909091  0.454545455
  0.454545455  0.090909091  0.545454545
  0.454545455  0.090909091  0.636363636
  0.454545455  0.090909091  0.727272727
  0.454545455  0.090909091  0.818181818
  0.454545455  0.090909091  0.909090909
  0.454545455  0.181818182  0.000000000
  0.454545455  0.181818182  0.090909091
  0.454545455  0.181818182  0.181818182
  0.454545455  0.181818182  0.272727273
  0.454545455  0.181818182  0.363636364
  0.454545455  0.181818182  0.454545455
  0.454545455  0.181818182  0.545454545
  0.454545455  0.181818182  0.636363636
  0.454545455  0.181818182  0.727272727
  0.454545455  0.181818182  0.818181818
  0.454545455  0.181818182  0.909090909
  0.454545455  0.272727273  0.000000000
  0.454545455  0.272727273  0.090909091
  0.454545455  0.272727273  0.181818182
  0.454545455  0.272727273  0.272727273
  0.454545455  0.272727273  0.363636364
  0.454545455  0.272727273  0.454545455
  0.454545455  0.272727273  0.545454545
  0.454545455  0.272727273  0.636363636
  0.454545455  0.272727273  0.727272727
  0.454545455  0.272727273  0.818181818
  0.454545455  0.272727273  0.909090909
  0.454545455  0.363636364  0.000000000
  0.454545455  0.363636364  0.090909091
  0.454545455  0.363636364  0.181818182
  0.454545455  0.363636364  0.272727273
  0.454545455  0.363636364  0.363636364
  0.454545455  0.363636364  0.454545455
  0.454545455  0.363636364  0.545454545
  0.454545455  0.363636364  0.636363636
  0.454545455  0.363636364  0.727272727
  0.454545455  0.363636364  0.818181818
  0.454545455  0.363636364  0.909090909
  0.454545455  0.454545455  0.000000000
  0.454545455  0.454545455  0.090909091
  0.454545455  0.454545455  0.181818182
  0.454545455  0.454545455  0.272727273
  0.454545455  0.454545455  0.363636364
  0.454545455  0.454545455  0.454545455
  0.454545455  0.454545455  0.545454545
  0.454545455  0.454545455  0.636363636
  0.454545455  0.454545455  0.727272727
  0.454545455  0.454545455  0.818181818
  0.454545455  0.454545455  0.909090909
  0.454545455  0.545454545  0.000000000
  0.454545455  0.545454545  0.090909091
  0.454545455  0.545454545  0.181818182
  0.454545455  0.545454545  0.272727273
  0.454545455  0.545454545  0.363636364
  0.454545455  0.545454545  0.454545455
  0.454545455  0.545454545  0.545454545
  0.454545455  0.545454545  0.636363636
  0.454545455  0.545454545  0.727272727
  0.454545455  0.545454545  0.818181818
  0.454545455  0.545454545  0.909090909
  0.454545455  0.636363636  0.000000000
  0.454545455  0.636363636  0.090909091
  0.454545455  0.636363636  0.181818182
  0.454545455  0.636363636  0.272727273
  0.454545455  0.636363636  0.363636364
  0.454545455  0.636363636  0.454545455
  0.454545455  0.636363636  0.545454545
  0.454545455  0.636363636  0.636363636
  0.454545455  0.636363636  0.727272727
  0.454545455  0.636363636  0.818181818
  0.454545455  0.636363636  0.909090909
  0.454545455  0.727272727  0.000000000
  0.454545455  0.727272727  0.090909091
  0.454545455  0.727272727  0.181818182
  0.454545455  0.727272727  0.272727273
  0.454545455  0.727272727  0.363636364
  0.454545455  0.727272727  0.454545455
  0.454545455  0.727272727  0.545454545
  0.454545455  0.727272727  0.636363636
  0.454545455  0.727272727  0.727272727
  0.454545455  0.727272727  0.818181818
  0.454545455  0.727272727  0.909090909
  0.454545455  0.818181818  0.000000000
  0.454545455  0.818181818  0.090909091
  0.454545455  0.818181818  0.181818182
  0.454545455  0.818181818  0.272727273
  0.454545455  0.818181818  0.363636364
  0.454545455  0.818181818  0.454545455
  0.454545455  0.818181818  0.545454545
  0.454545455  0.818181818  0.636363636
  0.454545455  0.818181818  0.727272727
  0.454545455  0.818181818  0.818181818
  0.454545455  0.818181818  0.909090909
  0.454545455  0.909090909  0.000000000
  0.454545455  0.909090909  0.090909091
  0.454545455  0.909090909  0.181818182
  0.454545455  0.909090909  0.272727273
  0.454545455  0.909090909  0.363636364
  0.454545455  0.909090909  0.454545455
  0.454545455  0.909090909  0.545454545
  0.454545455  0.909090909  0.636363636
  0.454545455  0.909090909  0.727272727
  0.454545455  0.909090909  0.818181818
  0.454545455  0.909090909  0.909090909
  0.545454545  0.000000000  0.000000000
  0.545454545  0.000000000  0.090909091
  0.545454545  0.000000000  0.181818182
  0.545454545  0.000000000  0.272727273
  0.545454545  0.000000000  0.363636364
  0.545454545  0.000000000  0.454545455
  0.545454545  0.000000000  0.545454545
  0.545454545  0.000000000  0.636363636
  0.545454545  0.000000000  0.727272727
  0.545454545  0.000000000  0.818181818
  0.545454545  0.000000000  0.909090909
  0.545454545  0.090909091  0.000000000
  0.545454545  0.090909091  0.090909091
  0.545454545  0.090909091  0.181818182
  0.545454545  0.090909091  0.272727273
  0.545454545  0.090909091  0.363636364
  0.545454545  0.090909091  0.454545455
  0.545454545  0.090909091  0.545454545
  0.545454545  0.090909091  0.636363636
  0.545454545  0.090909091  0.727272727
  0.545454545  0.090909091  0.818181818
  0.545454545  0.090909091  0.909090909
  0.545454545  0.181818182  0.000000000
  0.545454545  0.181818182  0.090909091
  0.545454545  0.181818182  0.181818182
  0.545454545  0.181818182  0.272727273
  0.545454545  0.181818182  0.363636364
  0.545454545  0.181818182  0.454545455
  0.545454545  0.181818182  0.545454545
  0.545454545  0.181818182  0.636363636
  0.545454545  0.181818182  0.727272727
  0.545454545  0.181818182  0.818181818
  0.545454545  0.181818182  0.909090909
  0.545454545  0.272727273  0.000000000
  0.545454545  0.272727273  0.090909091
  0.545454545  0.272727273  0.181818182
  0.545454545  0.272727273  0.272727273
  0.545454545  0.272727273  0.363636364
  0.545454545  0.272727273  0.454545455
  0.545454545  0.272727273  0.545454545
  0.545454545  0.272727273  0.636363636
  0.545454545  0.272727273  0.727272727
  0.545454545  0.272727273  0.818181818
  0.545454545  0.272727273  0.909090909
  0.545454545  0.363636364  0.000000000
  0.545454545  0.363636364  0.090909091
  0.545454545  0.363636364  0.181818182
  0.545454545  0.363636364  0.272727273
  0.545454545  0.363636364  0.363636364
  0.545454545  0.363636364  0.454545455
  0.545454545  0.363636364  0.545454545
  0.545454545  0.363636364  0.636363636
  0.545454545  0.363636364  0.727272727
  0.545454545  0.363636364  0.818181818
  0.545454545  0.363636364  0.909090909
  0.545454545  0.454545455  0.000000000
  0.545454545  0.454545455  0.090909091
  0.545454545  0.454545455  0.181818182
  0.545454545  0.454545455  0.272727273
  0.545454545  0.454545455  0.363636364
  0.545454545  0.454545455  0.454545455
  0.545454545  0.454545455  0.545454545
  0.545454545  0.454545455  0.636363636
  0.545454545  0.454545455  0.727272727
  0.545454545  0.454545455  0.818181818
  0.545454545  0.454545455  0.909090909
  0.545454545  0.545454545  0.000000000
  0.545454545  0.545454545  0.090909091
  0.545454545  0.545454545  0.181818182
  0.545454545  0.545454545  0.272727273
  0.545454545  0.545454545  0.363636364
  0.545454545  0.545454545  0.454545455
  0.545454545  0.545454545  0.545454545
  0.545454545  0.545454545  0.636363636
  0.545454545  0.545454545  0.727272727
  0.545454545  0.545454545  0.818181818
  0.545454545  0.545454545  0.909090909
  0.545454545  0.636363636  0.000000000
  0.545454545  0.636363636  0.090909091
  0.545454545  0.636363636  0.181818182
  0.545454545  0.636363636  0.272727273
  0.545454545  0.636363636  0.363636364
  0.545454545  0.636363636  0.454545455
  0.545454545  0.636363636  0.545454545
  0.545454545  0.636363636  0.636363636
  0.545454545  0.636363636  0.727272727
  0.545454545  0.636363636  0.818181818
  0.545454545  0.636363636  0.909090909
  0.545454545  0.727272727  0.000000000
  0.545454545  0.727272727  0.090909091
  0.545454545  0.727272727  0.181818182
  0.545454545  0.727272727  0.272727273
  0.545454545  0.727272727  0.363636364
  0.545454545  0.727272727  0.454545455
  0.545454545  0.727272727  0.545454545
  0.545454545  0.727272727  0.636363636
  0.545454545  0.727272727  0.727272727
  0.545454545  0.727272727  0.818181818
  0.545454545  0.727272727  0.909090909
  0.545454545  0.818181818  0.000000000
  0.545454545  0.818181818  0.090909091
  0.545454545  0.818181818  0.181818182
  0.545454545  0.818181818  0.272727273
  0.545454545  0.818181818  0.363636364
  0.545454545  0.818181818  0.454545455
  0.545454545  0.818181818  0.545454545
  0.545454545  0.818181818  0.636363636
  0.545454545  0.818181818  0.727272727
  0.545454545  0.818181818  0.818181818
  0.545454545  0.818181818  0.909090909
  0.545454545  0.909090909  0.000000000
  0.545454545  0.909090909  0.090909091
  0.545454545  0.909090909  0.181818182
  0.545454545  0.909090909  0.272727273
  0.545454545  0.909090909  0.363636364
  0.545454545  0.909090909  0.454545455
  0.545454545  0.909090909  0.545454545
  0.545454545  0.909090909  0.636363636
  0.545454545  0.909090909  0.727272727
  0.545454545  0.909090909  0.818181818
  0.545454545  0.909090909  0.909090909
  0.636363636  0.000000000  0.000000000
  0.636363636  0.000000000  0.090909091
  0.636363636  0.000000000  0.181818182
  0.636363636  0.000000000  0.272727273
  0.636363636  0.000000000  0.363636364
  0.636363636  0.000000000  0.454545455
  0.636363636  0.000000000  0.545454545
  0.636363636  0.000000000  0.636363636
  0.636363636  0.000000000  0.727272727
  0.636363636  0.000000000  0.818181818
  0.636363636  0.000000000  0.909090909
  0.636363636  0.090909091  0.000000000
  0.636363636  0.090909091  0.090909091
  0.636363636  0.090909091  0.181818182
  0.636363636  0.090909091  0.272727273
  0.636363636  0.090909091  0.363636364
  0.636363636  0.090909091  0.454545455
  0.636363636  0.090909091  0.545454545
  0.636363636  0.090909091  0.636363636
  0.636363636  0.090909091  0.727272727
  0.636363636  0.090909091  0.818181818
  0.636363636  0.090909091  0.909090909
  0.636363636  0.181818182  0.000000000
  0.636363636  0.181818182  0.090909091
  0.636363636  0.181818182  0.181818182
  0.636363636  0.181818182  0.272727273
  0.636363636  0.181818182  0.363636364
  0.636363636  0.181818182  0.454545455
  0.636363636  0.181818182  0.545454545
  0.636363636  0.181818182  0.636363636
  0.636363636  0.181818182  0.727272727
  0.636363636  0.181818182  0.818181818
  0.636363636  0.181818182  0.909090909
  0.636363636  0.272727273  0.000000000
  0.636363636  0.272727273  0.090909091
  0.636363636  0.272727273  0.181818182
  0.636363636  0.272727273  0.272727273
  0.636363636  0.272727273  0.363636364
  0.636363636  0.272727273  0.454545455
  0.636363636  0.272727273  0.545454545
  0.636363636  0.272727273  0.636363636
  0.636363636  0.272727273  0.727272727
  0.636363636  0.272727273  0.818181818
  0.636363636  0.272727273  0.909090909
  0.636363636  0.363636364  0.000000000
  0.636363636  0.363636364  0.090909091
  0.636363636  0.363636364  0.181818182
  0.636363636  0.363636364  0.272727273
  0.636363636  0.363636364  0.363636364
  0.636363636  0.363636364  0.454545455
  0.636363636  0.363636364  0.545454545
  0.636363636  0.363636364  0.636363636
  0.636363636  0.363636364  0.727272727
  0.636363636  0.363636364  0.818181818
  0.636363636  0.363636364  0.909090909
  0.636363636  0.454545455  0.000000000
  0.636363636  0.454545455  0.090909091
  0.636363636  0.454545455  0.181818182
  0.636363636  0.454545455  0.272727273
  0.636363636  0.454545455  0.363636364
  0.636363636  0.454545455  0.454545455
  0.636363636  0.454545455  0.545454545
  0.636363636  0.454545455  0.636363636
  0.636363636  0.454545455  0.727272727
  0.636363636  0.454545455  0.818181818
  0.636363636  0.454545455  0.909090909
  0.636363636  0.545454545  0.000000000
  0.636363636  0.545454545  0.090909091
  0.636363636  0.545454545  0.181818182
  0.636363636  0.545454545  0.272727273
  0.636363636  0.545454545  0.363636364
  0.636363636  0.545454545  0.454545455
  0.636363636  0.545454545  0.545454545
  0.636363636  0.545454545  0.636363636
  0.636363636  0.545454545  0.727272727
  0.636363636  0.545454545  0.818181818
  0.636363636  0.545454545  0.909090909
  0.636363636  0.636363636  0.000000000
  0.636363636  0.636363636  0.090909091
  0.636363636  0.636363636  0.181818182
  0.636363636  0.636363636  0.272727273
  0.636363636  0.636363636  0.363636364
  0.636363636  0.636363636  0.454545455
  0.636363636  0.636363636  0.545454545
  0.636363636  0.636363636  0.636363636
  0.636363636  0.636363636  0.727272727
  0.636363636  0.636363636  0.818181818
  0.636363636  0.636363636  0.909090909
  0.636363636  0.727272727  0.000000000
  0.636363636  0.727272727  0.090909091
  0.636363636  0.727272727  0.181818182
  0.636363636  0.727272727  0.272727273
  0.636363636  0.727272727  0.363636364
  0.636363636  0.727272727  0.454545455
  0.636363636  0.727272727  0.545454545
  0.636363636  0.727272727  0.636363636
  0.636363636  0.727272727  0.727272727
  0.636363636  0.727272727  0.818181818
  0.636363636  0.727272727  0.909090909
  0.636363636  0.818181818  0.000000000
  0.636363636  0.818181818  0.090909091
  0.636363636  0.818181818  0.181818182
  0.636363636  0.818181818  0.272727273
  0.636363636  0.818181818  0.363636364
  0.636363636  0.818181818  0.454545455
  0.636363636  0.818181818  0.545454545
  0.636363636  0.818181818  0.636363636
  0.636363636  0.818181818  0.727272727
  0.636363636  0.818181818  0.818181818
  0.636363636  0.818181818  0.909090909
  0.636363636  0.909090909  0.000000000
  0.636363636  0.909090909  0.090909091
  0.636363636  0.909090909  0.181818182
  0.636363636  0.909090909  0.272727273
  0.636363636  0.909090909  0.363636364
  0.636363636  0.909090909  0.454545455
  0.636363636  0.909090909  0.545454545
  0.636363636  0.909090909  0.636363636
  0.636363636  0.909090909  0.727272727
  0.636363636  0.909090909  0.818181818
  0.636363636  0.909090909  0.909090909
  0.727272727  0.000000000  0.000000000
  0.727272727  0.000000000  0.090909091
  0.727272727  0.000000000  0.181818182
  0.727272727  0.000000000  0.272727273
  0.727272727  0.000000000  0.363636364
  0.727272727  0.000000000  0.454545455
  0.727272727  0.000000000  0.545454545
  0.727272727  0.000000000  0.636363636
  0.727272727  0.000000000  0.727272727
  0.727272727  0.000000000  0.818181818
  0.727272727  0.000000000  0.909090909
  0.727272727  0.090909091  0.000000000
  0.727272727  0.090909091  0.090909091
  0.727272727  0.090909091  0.181818182
  0.727272727  0.090909091  0.272727273
  0.727272727  0.090909091  0.363636364
  0.727272727  0.090909091  0.454545455
  0.727272727  0.090909091  0.545454545
  0.727272727  0.090909091  0.636363636
  0.727272727  0.090909091  0.727272727
  0.727272727  0.090909091  0.818181818
  0.727272727  0.090909091  0.909090909
  0.727272727  0.181818182  0.000000000
  0.727272727  0.181818182  0.090909091
  0.727272727  0.181818182  0.181818182
  0.727272727  0.181818182  0.272727273
  0.727272727  0.181818182  0.363636364
  0.727272727  0.181818182  0.454545455
  0.727272727  0.181818182  0.545454545
  0.727272727  0.181818182  0.636363636
  0.727272727  0.181818182  0.727272727
  0.727272727  0.181818182  0.818181818
  0.727272727  0.181818182  0.909090909
  0.727272727  0.272727273  0.000000000
  0.727272727  0.272727273  0.090909091
  0.727272727  0.272727273  0.181818182
  0.727272727  0.272727273  0.272727273
  0.727272727  0.272727273  0.363636364
  0.727272727  0.272727273  0.454545455
  0.727272727  0.272727273  0.545454545
  0.727272727  0.272727273  0.636363636
  0.727272727  0.272727273  0.727272727
  0.727272727  0.272727273  0.818181818
  0.727272727  0.272727273  0.909090909
  0.727272727  0.363636364  0.000000000
  0.727272727  0.363636364  0.090909091
  0.727272727  0.363636364  0.181818182
  0.727272727  0.363636364  0.272727273
  0.727272727  0.363636364  0.363636364
  0.727272727  0.363636364  0.454545455
  0.727272727  0.363636364  0.545454545
  0.727272727  0.363636364  0.636363636
  0.727272727  0.363636364  0.727272727
  0.727272727  0.363636364  0.818181818
  0.727272727  0.363636364  0.909090909
  0.727272727  0.454545455  0.000000000
  0.727272727  0.454545455  0.090909091
  0.727272727  0.454545455  0.181818182
  0.727272727  0.454545455  0.272727273
  0.727272727  0.454545455  0.363636364
  0.727272727  0.454545455  0.454545455
  0.727272727  0.454545455  0.545454545
  0.727272727  0.454545455  0.636363636
  0.727272727  0.454545455  0.727272727
  0.727272727  0.454545455  0.818181818
  0.727272727  0.454545455  0.909090909
  0.727272727  0.545454545  0.000000000
  0.727272727  0.545454545  0.090909091
  0.727272727  0.545454545  0.181818182
  0.727272727  0.545454545  0.272727273
  0.727272727  0.545454545  0.363636364
  0.727272727  0.545454545  0.454545455
  0.727272727  0.545454545  0.545454545
  0.727272727  0.545454545  0.636363636
  0.727272727  0.545454545  0.727272727
  0.727272727  0.545454545  0.818181818
  0.727272727  0.545454545  0.909090909
  0.727272727  0.636363636  0.000000000
  0.727272727  0.636363636  0.090909091
  0.727272727  0.636363636  0.181818182
  0.727272727  0.636363636  0.272727273
  0.727272727  0.636363636  0.363636364
  0.727272727  0.636363636  0.454545455
  0.727272727  0.636363636  0.545454545
  0.727272727  0.636363636  0.636363636
  0.727272727  0.636363636  0.727272727
  0.727272727  0.636363636  0.818181818
  0.727272727  0.636363636  0.909090909
  0.727272727  0.727272727  0.000000000
  0.727272727  0.727272727  0.090909091
  0.727272727  0.727272727  0.181818182
  0.727272727  0.727272727  0.272727273
  0.727272727  0.727272727  0.363636364
  0.727272727  0.727272727  0.454545455
  0.727272727  0.727272727  0.545454545
  0.727272727  0.727272727  0.636363636
  0.727272727  0.727272727  0.727272727
  0.727272727  0.727272727  0.818181818
  0.727272727  0.727272727  0.909090909
  0.727272727  0.818181818  0.000000000
  0.727272727  0.818181818  0.090909091
  0.727272727  0.818181818  0.181818182
  0.727272727  0.818181818  0.272727273
  0.727272727  0.818181818  0.363636364
  0.727272727  0.818181818  0.454545455
  0.727272727  0.818181818  0.545454545
  0.727272727  0.818181818  0.636363636
  0.727272727  0.818181818  0.727272727
  0.727272727  0.818181818  0.818181818
  0.727272727  0.818181818  0.909090909
  0.727272727  0.909090909  0.000000000
  0.727272727  0.909090909  0.090909091
  0.727272727  0.909090909  0.181818182
  0.727272727  0.909090909  0.272727273
  0.727272727  0.909090909  0.363636364
  0.727272727  0.909090909  0.454545455
  0.727272727  0.909090909  0.545454545
  0.727272727  0.909090909  0.636363636
  0.727272727  0.909090909  0.727272727
  0.727272727  0.909090909  0.818181818
  0.727272727  0.909090909  0.909090909
  0.818181818  0.000000000  0.000000000
  0.818181818  0.000000000  0.090909091
  0.818181818  0.000000000  0.181818182
  0.818181818  0.000000000  0.272727273
  0.818181818  0.000000000  0.363636364
  0.818181818  0.000000000  0.454545455
  0.818181818  0.000000000  0.545454545
  0.818181818  0.000000000  0.636363636
  0.818181818  0.000000000  0.727272727
  0.818181818  0.000000000  0.818181818
  0.818181818  0.000000000  0.909090909
  0.818181818  0.090909091  0.000000000
  0.818181818  0.090909091  0.090909091
  0.818181818  0.090909091  0.181818182
  0.818181818  0.090909091  0.272727273
  0.818181818  0.090909091  0.363636364
  0.818181818  0.090909091  0.454545455
  0.818181818  0.090909091  0.545454545
  0.818181818  0.090909091  0.636363636
  0.818181818  0.090909091  0.727272727
  0.818181818  0.090909091  0.818181818
  0.818181818  0.090909091  0.909090909
  0.818181818  0.181818182  0.000000000
  0.818181818  0.181818182  0.090909091
  0.818181818  0.181818182  0.181818182
  0.818181818  0.181818182  0.272727273
  0.818181818  0.181818182  0.363636364
  0.818181818  0.181818182  0.454545455
  0.818181818  0.181818182  0.545454545
  0.818181818  0.181818182  0.636363636
  0.818181818  0.181818182  0.727272727
  0.818181818  0.181818182  0.818181818
  0.818181818  0.181818182  0.909090909
  0.818181818  0.272727273  0.000000000
  0.818181818  0.272727273  0.090909091
  0.818181818  0.272727273  0.181818182
  0.818181818  0.272727273  0.272727273
  0.818181818  0.272727273  0.363636364
  0.818181818  0.272727273  0.454545455
  0.818181818  0.272727273  0.545454545
  0.818181818  0.272727273  0.636363636
  0.818181818  0.272727273  0.727272727
  0.818181818  0.272727273  0.818181818
  0.818181818  0.272727273  0.909090909
  0.818181818  0.363636364  0.000000000
  0.818181818  0.363636364  0.090909091
  0.818181818  0.363636364  0.181818182
  0.818181818  0.363636364  0.272727273
  0.818181818  0.363636364  0.363636364
  0.818181818  0.363636364  0.454545455
  0.818181818  0.363636364  0.545454545
  0.818181818  0.363636364  0.636363636
  0.818181818  0.363636364  0.727272727
  0.818181818  0.363636364  0.818181818
  0.818181818  0.363636364  0.909090909
  0.818181818  0.454545455  0.000000000
  0.818181818  0.454545455  0.090909091
  0.818181818  0.454545455  0.181818182
  0.818181818  0.454545455  0.272727273
  0.818181818  0.454545455  0.363636364
  0.818181818  0.454545455  0.454545455
  0.818181818  0.454545455  0.545454545
  0.818181818  0.454545455  0.636363636
  0.818181818  0.454545455  0.727272727
  0.818181818  0.454545455  0.818181818
  0.818181818  0.454545455  0.909090909
  0.818181818  0.545454545  0.000000000
  0.818181818  0.545454545  0.090909091
  0.818181818  0.545454545  0.181818182
  0.818181818  0.545454545  0.272727273
  0.818181818  0.545454545  0.363636364
  0.818181818  0.545454545  0.454545455
  0.818181818  0.545454545  0.545454545
  0.818181818  0.545454545  0.636363636
  0.818181818  0.545454545  0.727272727
  0.818181818  0.545454545  0.818181818
  0.818181818  0.545454545  0.909090909
  0.818181818  0.636363636  0.000000000
  0.818181818  0.636363636  0.090909091
  0.818181818  0.636363636  0.181818182
  0.818181818  0.636363636  0.272727273
  0.818181818  0.636363636  0.363636364
  0.818181818  0.636363636  0.454545455
  0.818181818  0.636363636  0.545454545
  0.818181818  0.636363636  0.636363636
  0.818181818  0.636363636  0.727272727
  0.818181818  0.636363636  0.818181818
  0.818181818  0.636363636  0.909090909
  0.818181818  0.727272727  0.000000000
  0.818181818  0.727272727  0.090909091
  0.818181818  0.727272727  0.181818182
  0.818181818  0.727272727  0.272727273
  0.818181818  0.727272727  0.363636364
  0.818181818  0.727272727  0.454545455
  0.818181818  0.727272727  0.545454545
  0.818181818  0.727272727  0.636363636
  0.818181818  0.727272727  0.727272727
  0.818181818  0.727272727  0.818181818
  0.818181818  0.727272727  0.909090909
  0.818181818  0.818181818  0.000000000
  0.818181818  0.818181818  0.090909091
  0.818181818  0.818181818  0.181818182
  0.818181818  0.818181818  0.272727273
  0.818181818  0.818181818  0.363636364
  0.818181818  0.818181818  0.454545455
  0.818181818  0.818181818  0.545454545
  0.818181818  0.818181818  0.636363636
  0.818181818  0.818181818  0.727272727
  0.818181818  0.818181818  0.818181818
  0.818181818  0.818181818  0.909090909
  0.818181818  0.909090909  0.000000000
  0.818181818  0.909090909  0.090909091
  0.818181818  0.909090909  0.181818182
  0.818181818  0.909090909  0.272727273
  0.818181818  0.909090909  0.363636364
  0.818181818  0.909090909  0.454545455
  0.818181818  0.909090909  0.545454545
  0.818181818  0.909090909  0.636363636
  0.818181818  0.909090909  0.727272727
  0.818181818  0.909090909  0.818181818
  0.818181818  0.909090909  0.909090909
  0.909090909  0.000000000  0.000000000
  0.909090909  0.000000000  0.090909091
  0.909090909  0.000000000  0.181818182
  0.909090909  0.000000000  0.272727273
  0.909090909  0.000000000  0.363636364
  0.909090909  0.000000000  0.454545455
  0.909090909  0.000000000  0.545454545
  0.909090909  0.000000000  0.636363636
  0.909090909  0.000000000  0.727272727
  0.909090909  0.000000000  0.818181818
  0.909090909  0.000000000  0.909090909
  0.909090909  0.090909091  0.000000000
  0.909090909  0.090909091  0.090909091
  0.909090909  0.090909091  0.181818182
  0.909090909  0.090909091  0.272727273
  0.909090909  0.090909091  0.363636364
  0.909090909  0.090909091  0.454545455
  0.909090909  0.090909091  0.545454545
  0.909090909  0.090909091  0.636363636
  0.909090909  0.090909091  0.727272727
  0.909090909  0.090909091  0.818181818
  0.909090909  0.090909091  0.909090909
  0.909090909  0.181818182  0.000000000
  0.909090909  0.181818182  0.090909091
  0.909090909  0.181818182  0.181818182
  0.909090909  0.181818182  0.272727273
  0.909090909  0.181818182  0.363636364
  0.909090909  0.181818182  0.454545455
  0.909090909  0.181818182  0.545454545
  0.909090909  0.181818182  0.636363636
  0.909090909  0.181818182  0.727272727
  0.909090909  0.181818182  0.818181818
  0.909090909  0.181818182  0.909090909
  0.909090909  0.272727273  0.000000000
  0.909090909  0.272727273  0.090909091
  0.909090909  0.272727273  0.181818182
  0.909090909  0.272727273  0.272727273
  0.909090909  0.272727273  0.363636364
  0.909090909  0.272727273  0.454545455
  0.909090909  0.272727273  0.545454545
  0.909090909  0.272727273  0.636363636
  0.909090909  0.272727273  0.727272727
  0.909090909  0.272727273  0.818181818
  0.909090909  0.272727273  0.909090909
  0.909090909  0.363636364  0.000000000
  0.909090909  0.363636364  0.090909091
  0.909090909  0.363636364  0.181818182
  0.909090909  0.363636364  0.272727273
  0.909090909  0.363636364  0.363636364
  0.909090909  0.363636364  0.454545455
  0.909090909  0.363636364  0.545454545
  0.909090909  0.363636364  0.636363636
  0.909090909  0.363636364  0.727272727
  0.909090909  0.363636364  0.818181818
  0.909090909  0.363636364  0.909090909
  0.909090909  0.454545455  0.000000000
  0.909090909  0.454545455  0.090909091
  0.909090909  0.454545455  0.181818182
  0.909090909  0.454545455  0.272727273
  0.909090909  0.454545455  0.363636364
  0.909090909  0.454545455  0.454545455
  0.909090909  0.454545455  0.545454545
  0.909090909  0.454545455  0.636363636
  0.909090909  0.454545455  0.727272727
  0.909090909  0.454545455  0.818181818
  0.909090909  0.454545455  0.909090909
  0.909090909  0.545454545  0.000000000
  0.909090909  0.545454545  0.090909091
  0.909090909  0.545454545  0.181818182
  0.909090909  0.545454545  0.272727273
  0.909090909  0.545454545  0.363636364
  0.909090909  0.545454545  0.454545455
  0.909090909  0.545454545  0.545454545
  0.909090909  0.545454545  0.636363636
  0.909090909  0.545454545  0.727272727
  0.909090909  0.545454545  0.818181818
  0.909090909  0.545454545  0.909090909
  0.909090909  0.636363636  0.000000000
  0.909090909  0.636363636  0.090909091
  0.909090909  0.636363636  0.181818182
  0.909090909  0.636363636  0.272727273
  0.909090909  0.636363636  0.363636364
  0.909090909  0.636363636  0.454545455
  0.909090909  0.636363636  0.545454545
  0.909090909  0.636363636  0.636363636
  0.909090909  0.636363636  0.727272727
  0.909090909  0.636363636  0.818181818
  0.909090909  0.636363636  0.909090909
  0.909090909  0.727272727  0.000000000
  0.909090909  0.727272727  0.090909091
  0.909090909  0.727272727  0.181818182
  0.909090909  0.727272727  0.272727273
  0.909090909  0.727272727  0.363636364
  0.909090909  0.727272727  0.454545455
  0.909090909  0.727272727  0.545454545
  0.909090909  0.727272727  0.636363636
  0.909090909  0.727272727  0.727272727
  0.909090909  0.727272727  0.818181818
  0.909090909  0.727272727  0.909090909
  0.909090909  0.818181818  0.000000000
  0.909090909  0.818181818  0.090909091
  0.909090909  0.818181818  0.181818182
  0.909090909  0.818181818  0.272727273
  0.909090909  0.818181818  0.363636364
  0.909090909  0.818181818  0.454545455
  0.909090909  0.818181818  0.545454545
  0.909090909  0.818181818  0.636363636
  0.909090909  0.818181818  0.727272727
  0.909090909  0.818181818  0.818181818
  0.909090909  0.818181818  0.909090909
  0.909090909  0.909090909  0.000000000
  0.909090909  0.909090909  0.090909091
  0.909090909  0.909090909  0.181818182
  0.909090909  0.909090909  0.272727273
  0.909090909  0.909090909  0.363636364
  0.909090909  0.909090909  0.454545455
  0.909090909  0.909090909  0.545454545
  0.909090909  0.909090909  0.636363636
  0.909090909  0.909090909  0.727272727
  0.909090909  0.909090909  0.818181818
  0.909090909  0.909090909  0.909090909
